Iter Gbest GbestRate[%] IterBestFit normSwarmRadius |gbest-mean(pbest)|/mean(pbest)[%] 
1   7.9362596E-04  100.000   7.9362596E-04   1.6141221E-01   68.528  
2   7.9362596E-04    0.000   2.1954574E-03   3.5212001E-01   68.528  
3   7.9362596E-04    0.000   2.4686928E-03   3.0762533E-01   51.346  
4   7.9362596E-04    0.000   5.6724902E-03   1.6359337E-01   51.346  
5   7.9362596E-04    0.000   4.9788941E-03   4.0765625E-02   51.346  
6   7.9362596E-04    0.000   3.5691414E-03   6.8305962E-02   51.346  
7   7.9362596E-04    0.000   5.5920463E-03   1.6190775E-01   51.346  
8   7.9362596E-04    0.000   3.2488999E-03   2.5461196E-01   51.346  
9   7.9362596E-04    0.000   6.6563490E-03   3.0051661E-01   51.346  
10   7.9362596E-04    0.000   2.4790972E-03   2.7837496E-01   51.346  
11   7.9362596E-04    0.000   4.4767220E-03   2.3447228E-01   51.346  
12   7.9362596E-04    0.000   3.5725463E-03   1.9420928E-01   51.346  
13   7.9362596E-04    0.000   5.6884589E-03   1.3261643E-01   51.346  
14   7.9362596E-04    0.000   2.9195600E-03   8.7068965E-02   51.346  
15   7.9362596E-04    0.000   2.6128699E-03   4.8402437E-02   51.346  
16   7.9362596E-04    0.000   2.6253957E-03   4.5695274E-02   51.346  
17   7.9362596E-04    0.000   2.5195577E-03   9.1669035E-02   51.346  
18   7.9362596E-04    0.000   3.0012879E-03   1.5851932E-01   51.346  
19   7.9362596E-04    0.000   3.5063442E-03   2.0115500E-01   51.346  
20   7.9362596E-04    0.000   2.5001548E-03   1.7059360E-01   51.346  
21   7.9362596E-04    0.000   2.5090217E-03   1.4804950E-01   51.346  
22   7.9362596E-04    0.000   2.5156199E-03   1.3398885E-01   51.346  
23   7.9362596E-04    0.000   2.9530965E-03   1.3763018E-01   51.346  
24   7.9362596E-04    0.000   2.8987475E-03   1.4703966E-01   51.346  
25   7.9362596E-04    0.000   3.0127220E-03   1.2100458E-01   51.346  
26   7.9362596E-04    0.000   4.8119082E-03   9.4019811E-02   51.346  
27   7.9362596E-04    0.000   3.0165135E-03   1.0019591E-01   51.346  
28   7.9362596E-04    0.000   5.7775189E-03   1.0939721E-01   51.346  
29   7.9362596E-04    0.000   2.4882081E-03   1.5577546E-01   51.346  
30   7.9362596E-04    0.000   6.0144218E-03   1.9056096E-01   51.346  
31   7.9362596E-04    0.000   2.9774759E-03   1.5200387E-01   51.346  
32   7.9362596E-04    0.000   5.9160805E-03   1.1926479E-01   51.346  
33   7.9362596E-04    0.000   6.0903166E-03   1.1063389E-01   51.346  
34   7.9362596E-04    0.000   3.0423005E-03   8.6035404E-02   51.346  
35   7.9362596E-04    0.000   2.5045513E-03   1.1203139E-01   51.346  
36   7.9362596E-04    0.000   5.9736590E-03   1.5578324E-01   51.346  
37   7.9362596E-04    0.000   2.3445186E-03   1.7105909E-01   51.346  
38   7.9362596E-04    0.000   2.4906341E-03   1.4717323E-01   51.346  
39   7.9362596E-04    0.000   5.5904947E-03   1.4057903E-01   51.346  
40   7.9362596E-04    0.000   5.7630488E-03   1.4914839E-01   51.346  
41   7.9362596E-04    0.000   2.8988967E-03   1.3572016E-01   51.346  
42   7.9362596E-04    0.000   2.8971275E-03   1.3065844E-01   51.346  
43   7.9362596E-04    0.000   2.4017316E-03   1.6965958E-01   51.346  
44   7.9362596E-04    0.000   3.4664254E-03   1.9080723E-01   51.346  
45   7.9362596E-04    0.000   2.4905865E-03   2.0641860E-01   51.346  
46   7.9362596E-04    0.000   2.4838068E-03   2.4216328E-01   51.346  
47   7.9362596E-04    0.000   5.7432377E-03   2.6446755E-01   51.346  
48   7.9362596E-04    0.000   5.7614993E-03   1.8818561E-01   51.346  
49   7.9362596E-04    0.000   1.9493600E-03   1.4102239E-01   51.346  
50   7.9362596E-04    0.000   1.4115613E-02   1.1880473E-01   51.346  
51   7.9362596E-04    0.000   1.3919040E-03   1.5955936E-01   51.346  
52   7.9362596E-04    0.000   5.7615869E-03   1.9797539E-01   51.346  
53   7.9362596E-04    0.000   2.4884674E-03   2.1641744E-01   51.346  
54   7.9362596E-04    0.000   1.4082557E-02   1.5718396E-01   51.346  
55   7.9362596E-04    0.000   1.3322891E-03   1.5921259E-01   51.346  
56   7.9362596E-04    0.000   2.4829482E-03   1.7689460E-01   51.346  
57   7.9362596E-04    0.000   2.4031145E-03   1.7704277E-01   51.346  
58   7.9362596E-04    0.000   2.5013526E-03   1.1848100E-01   51.346  
59   7.9362596E-04    0.000   2.5270713E-03   7.9322678E-02   51.346  
60   7.9362596E-04    0.000   2.5960409E-03   5.5255697E-02   51.346  
61   7.9362596E-04    0.000   2.6106698E-03   5.6354065E-02   51.346  
62   7.9362596E-04    0.000   2.9136550E-03   1.7066009E-01   51.346  
63   7.9362596E-04    0.000   5.7301171E-03   1.9523854E-01   51.346  
64   7.9362596E-04    0.000   6.0386411E-03   2.1609624E-01   51.346  
65   7.9362596E-04    0.000   1.6664540E-03   2.3078404E-01   51.346  
66   7.9362596E-04    0.000   2.4964572E-03   1.8267576E-01   51.346  
67   7.9362596E-04    0.000   1.9365497E-03   1.2513467E-01   51.346  
68   7.9362596E-04    0.000   5.2304843E-03   8.1871260E-02   51.346  
69   7.9362596E-04    0.000   1.5656822E-03   9.6717614E-02   51.346  
70   7.9362596E-04    0.000   1.8781336E-03   1.2765720E-01   51.346  
71   7.9362596E-04    0.000   1.7251612E-03   1.7095714E-01   51.346  
72   7.9362596E-04    0.000   1.9274615E-03   1.6638181E-01   51.346  
73   7.9362596E-04    0.000   2.6798272E-03   1.4366945E-01   51.346  
74   7.9362596E-04    0.000   6.2438179E-03   1.2356201E-01   51.346  
75   7.9362596E-04    0.000   1.6681874E-03   1.4206459E-01   51.346  
76   7.9362596E-04    0.000   2.0875519E-03   1.7385863E-01   51.346  
77   7.9362596E-04    0.000   2.6744386E-03   2.0858600E-01   51.346  
78   7.9362596E-04    0.000   2.4759938E-03   2.1602345E-01   51.346  
79   7.9362596E-04    0.000   3.4266836E-03   1.8619460E-01   51.346  
80   7.9362596E-04    0.000   3.1355640E-03   1.3187848E-01   51.346  
81   7.9362596E-04    0.000   2.5112179E-03   1.0005292E-01   51.346  
82   7.9362596E-04    0.000   5.8962171E-03   1.0833228E-01   51.346  
83   7.9362596E-04    0.000   8.8220514E-03   1.1066025E-01   51.346  
84   7.9362596E-04    0.000   3.6729846E-03   9.4277938E-02   51.346  
85   7.9362596E-04    0.000   1.3212705E-03   5.8697187E-02   51.346  
86   7.9362596E-04    0.000   1.6064272E-03   3.9413477E-02   51.346  
87   7.9362596E-04    0.000   2.0402024E-03   9.3843319E-02   51.346  
88   7.9362596E-04    0.000   2.6673433E-03   1.6451409E-01   51.346  
89   7.9362596E-04    0.000   3.8503069E-03   2.1770321E-01   51.346  
90   7.9362596E-04    0.000   3.6654469E-03   1.8427542E-01   51.346  
91   7.9362596E-04    0.000   1.4434262E-03   1.2894931E-01   51.346  
92   7.9362596E-04    0.000   9.9822411E-04   9.5990495E-02   51.346  
93   7.9362596E-04    0.000   4.9340071E-03   1.2940433E-01   51.346  
94   7.9362596E-04    0.000   2.0227647E-03   1.0691230E-01   51.346  
95   7.9362596E-04    0.000   1.9427631E-03   9.3543881E-02   51.346  
96   7.9362596E-04    0.000   1.0955509E-03   1.4254063E-01   51.346  
97   7.9362596E-04    0.000   1.5349497E-03   1.8315288E-01   51.346  
98   7.9362596E-04    0.000   1.5958584E-03   1.5972065E-01   51.346  
99   7.1014202E-04   10.519   7.1014202E-04   1.5334739E-01   55.321  
100   7.1014202E-04    0.000   7.6081174E-04   1.1191950E-01   55.321  
101   7.1014202E-04    0.000   8.3539864E-04   1.1953265E-01   55.321  
102   7.1014202E-04    0.000   9.4457110E-04   9.8539339E-02   55.321  
103   7.1014202E-04    0.000   2.2315706E-03   8.4414413E-02   55.321  
104   7.1014202E-04    0.000   9.1102482E-04   4.9240276E-02   55.321  
105   7.1014202E-04    0.000   8.2289078E-04   2.9641187E-02   55.321  
106   7.1014202E-04    0.000   7.1487011E-04   1.8619583E-02   55.321  
107   7.1014202E-04    0.000   7.3487703E-04   8.4611095E-02   55.321  
108   7.1014202E-04    0.000   7.3149925E-04   1.3825362E-01   55.321  
109   7.1014202E-04    0.000   8.1918651E-04   1.7058195E-01   55.321  
110   7.1014202E-04    0.000   8.4124473E-04   1.6847205E-01   55.321  
111   7.1014202E-04    0.000   7.6735103E-04   1.4407413E-01   55.321  
112   7.1014202E-04    0.000   7.4542675E-04   1.5832599E-01   55.321  
113   7.1014202E-04    0.000   7.3585587E-04   1.3561565E-01   55.321  
114   7.1014202E-04    0.000   7.1382636E-04   1.0026135E-01   55.321  
115   7.0035921E-04    1.378   7.0035921E-04   4.7651163E-02   55.800  
116   7.0035921E-04    0.000   7.0387357E-04   3.4653877E-02   55.800  
117   7.0035921E-04    0.000   7.1167661E-04   4.4490113E-02   55.800  
118   7.0035921E-04    0.000   7.5446005E-04   8.2610089E-02   55.800  
119   7.0035921E-04    0.000   7.4191863E-04   9.3901995E-02   55.800  
120   7.0035921E-04    0.000   7.1798462E-04   9.9744356E-02   55.800  
121   7.0035921E-04    0.000   7.1634432E-04   1.1695483E-01   55.800  
122   7.0035921E-04    0.000   7.0904762E-04   1.5691507E-01   55.800  
123   7.0035921E-04    0.000   7.1043988E-04   1.8761615E-01   55.800  
124   7.0035921E-04    0.000   7.0434206E-04   1.5995550E-01   55.800  
125   7.0035921E-04    0.000   7.0932379E-04   1.3518220E-01   55.800  
126   7.0035921E-04    0.000   7.1009753E-04   7.8452760E-02   55.800  
127   7.0035921E-04    0.000   7.1333399E-04   4.3086601E-02   55.800  
128   7.0035921E-04    0.000   7.1929630E-04   4.5550786E-02   55.800  
129   7.0035921E-04    0.000   7.2183435E-04   6.0065849E-02   55.800  
130   7.0035921E-04    0.000   7.1243225E-04   9.2808308E-02   55.800  
131   7.0035921E-04    0.000   7.0322108E-04   1.2317665E-01   55.800  
132   6.9974558E-04    0.088   6.9974558E-04   1.9663211E-01   55.830  
133   6.9974558E-04    0.000   7.0054750E-04   2.2277671E-01   55.830  
134   6.9974558E-04    0.000   7.0148690E-04   1.8550287E-01   55.830  
135   6.9974558E-04    0.000   7.0087926E-04   1.0061054E-01   55.830  
136   6.9974558E-04    0.000   7.0098379E-04   7.9472968E-02   55.830  
137   6.9974558E-04    0.000   7.0081621E-04   8.9245160E-02   55.830  
138   6.9974558E-04    0.000   7.0023721E-04   8.9536548E-02   55.830  
139   6.9974558E-04    0.000   7.0000409E-04   1.2275699E-01   55.830  
140   6.9963121E-04    0.016   6.9963121E-04   8.6146058E-02   55.836  
141   6.9954645E-04    0.012   6.9954645E-04   3.9472461E-02   55.840  
142   6.9954645E-04    0.000   6.9970537E-04   3.7894662E-02   55.840  
143   6.9954645E-04    0.000   6.9956588E-04   1.1919699E-01   55.840  
144   6.9954645E-04    0.000   6.9959557E-04   1.8006965E-01   55.840  
145   6.9954645E-04    0.000   6.9968237E-04   2.2092218E-01   55.840  
146   6.9954645E-04    0.000   6.9963182E-04   2.0244273E-01   55.840  
147   6.9954645E-04    0.000   6.9964008E-04   1.4923009E-01   55.840  
