Iter Part GoF Param1 Param2 Param3 Param4 
1  1   7.9362596E-04   2.0000000E+02   4.0000000E+00   5.0000000E+06   1.0000000E+01  
1  2   4.2496969E-03   1.1006279E+02   4.7957887E+00   3.7250160E+07   4.9691488E+01  
2  1   2.1954574E-03   3.4872769E+02   1.0000000E-01   8.5081845E+06   4.0951442E+01  
2  2   6.7905318E-03   1.0000000E+02   1.0000000E-01   7.1845394E+07   1.0000000E+00  
3  1   4.8293287E-03   1.0000000E+02   1.0000000E-01   1.0407724E+07   1.0000000E+02  
3  2   2.4686928E-03   4.0000000E+02   5.0000000E+01   6.1055816E+07   1.0000000E+02  
4  1   5.6724902E-03   1.0000000E+02   5.0000000E+01   9.7573609E+06   1.0000000E+02  
4  2   6.4031126E-03   1.0000000E+02   5.0000000E+01   3.2928595E+07   1.0000000E+00  
5  1   1.4175230E-02   4.0000000E+02   1.0000000E-01   5.3841947E+06   1.0000000E+00  
5  2   4.9788941E-03   1.0000000E+02   1.0000000E-01   1.2760777E+07   1.0000000E+02  
6  1   3.5691414E-03   1.0000000E+02   1.0000000E-01   2.1141832E+06   1.0000000E+00  
6  2   5.7582716E-03   1.0000000E+02   5.0000000E+01   1.5761714E+07   1.0000000E+02  
7  1   6.6290479E-03   1.0000000E+02   5.0000000E+01   1.4484576E+06   1.0000000E+02  
7  2   5.5920463E-03   1.0000000E+02   1.0000000E-01   3.3797626E+07   1.0000000E+00  
8  1   3.2488999E-03   4.0000000E+02   5.0000000E+01   2.9621065E+06   1.0000000E+02  
8  2   6.0611453E-03   1.0000000E+02   5.0000000E+01   5.3833576E+07   1.0000000E+02  
9  1   1.4031644E-02   4.0000000E+02   1.0000000E-01   4.5010548E+06   1.0000000E+00  
9  2   6.6563490E-03   1.0000000E+02   1.0000000E-01   6.4544273E+07   1.0000000E+00  
10  1   3.4747066E-03   1.0000000E+02   5.0000000E+01   5.6896673E+06   1.0000000E+00  
10  2   2.4790972E-03   4.0000000E+02   1.0000000E-01   5.9929650E+07   1.0000000E+02  
11  1   4.4767220E-03   1.0000000E+02   1.0000000E-01   6.3980862E+06   1.0000000E+02  
11  2   1.5132844E-02   4.0000000E+02   5.0000000E+01   5.0449475E+07   1.0000000E+00  
12  1   3.5725463E-03   1.0000000E+02   5.0000000E+01   6.6266995E+06   1.0000000E+00  
12  2   1.5080954E-02   4.0000000E+02   1.0000000E-01   4.2176314E+07   1.0000000E+00  
13  1   5.6884589E-03   1.0000000E+02   5.0000000E+01   6.4204107E+06   1.0000000E+02  
13  2   1.5039257E-02   4.0000000E+02   5.0000000E+01   3.0076353E+07   1.0000000E+00  
14  1   2.9195600E-03   4.0000000E+02   1.0000000E-01   5.6759626E+06   1.0000000E+02  
14  2   5.8414870E-03   1.0000000E+02   5.0000000E+01   2.1720417E+07   1.0000000E+02  
15  1   3.4648815E-03   1.0000000E+02   5.0000000E+01   5.0579263E+06   1.0000000E+00  
15  2   2.6128699E-03   4.0000000E+02   1.0000000E-01   1.4612880E+07   1.0000000E+02  
16  1   5.7987105E-03   1.0000000E+02   5.0000000E+01   4.5836839E+06   1.0000000E+02  
16  2   2.6253957E-03   4.0000000E+02   1.0000000E-01   1.3713600E+07   1.0000000E+02  
17  1   3.0755293E-03   4.0000000E+02   1.0000000E-01   4.2879570E+06   1.0000000E+02  
17  2   2.5195577E-03   4.0000000E+02   5.0000000E+01   2.2603430E+07   1.0000000E+02  
18  1   3.0012879E-03   4.0000000E+02   5.0000000E+01   4.1690160E+06   1.0000000E+02  
18  2   5.9717538E-03   1.0000000E+02   5.0000000E+01   3.5841176E+07   1.0000000E+02  
19  1   3.5063442E-03   1.0000000E+02   5.0000000E+01   4.5896072E+06   1.0000000E+00  
19  2   6.8102094E-03   1.0000000E+02   5.0000000E+01   4.4780376E+07   1.0000000E+00  
20  1   1.4128557E-02   4.0000000E+02   1.0000000E-01   5.0716727E+06   1.0000000E+00  
20  2   2.5001548E-03   4.0000000E+02   1.0000000E-01   3.9012929E+07   1.0000000E+02  
21  1   1.4177426E-02   4.0000000E+02   1.0000000E-01   5.4045383E+06   1.0000000E+00  
21  2   2.5090217E-03   4.0000000E+02   1.0000000E-01   3.4175752E+07   1.0000000E+02  
22  1   2.8559003E-03   4.0000000E+02   5.0000000E+01   5.4394791E+06   1.0000000E+02  
22  2   2.5156199E-03   4.0000000E+02   1.0000000E-01   3.1331493E+07   1.0000000E+02  
23  1   2.9530965E-03   4.0000000E+02   1.0000000E-01   5.3132410E+06   1.0000000E+02  
23  2   1.5023859E-02   4.0000000E+02   1.0000000E-01   3.2185269E+07   1.0000000E+00  
24  1   2.8987475E-03   4.0000000E+02   5.0000000E+01   4.9915047E+06   1.0000000E+02  
24  2   1.5067972E-02   4.0000000E+02   5.0000000E+01   3.4370026E+07   1.0000000E+00  
25  1   3.0127220E-03   4.0000000E+02   1.0000000E-01   4.7643253E+06   1.0000000E+02  
25  2   5.5178928E-03   1.0000000E+02   1.0000000E-01   2.8941040E+07   1.0000000E+02  
26  1   1.4136129E-02   4.0000000E+02   5.0000000E+01   4.7089313E+06   1.0000000E+00  
26  2   4.8119082E-03   1.0000000E+02   1.0000000E-01   2.3494090E+07   1.0000000E+00  
27  1   3.0165135E-03   4.0000000E+02   1.0000000E-01   4.7329120E+06   1.0000000E+02  
27  2   1.4990659E-02   4.0000000E+02   5.0000000E+01   2.4752054E+07   1.0000000E+00  
28  1   5.7775189E-03   1.0000000E+02   5.0000000E+01   4.8037586E+06   1.0000000E+02  
28  2   6.0677940E-03   1.0000000E+02   5.0000000E+01   2.6661321E+07   1.0000000E+00  
29  1   2.9953038E-03   4.0000000E+02   1.0000000E-01   4.9136176E+06   1.0000000E+02  
29  2   2.4882081E-03   4.0000000E+02   5.0000000E+01   3.6037553E+07   1.0000000E+02  
30  1   1.4119157E-02   4.0000000E+02   1.0000000E-01   5.0115586E+06   1.0000000E+00  
30  2   6.0144218E-03   1.0000000E+02   5.0000000E+01   4.3062520E+07   1.0000000E+02  
31  1   2.9774759E-03   4.0000000E+02   1.0000000E-01   5.0754709E+06   1.0000000E+02  
31  2   1.5073231E-02   4.0000000E+02   5.0000000E+01   3.5294901E+07   1.0000000E+00  
32  1   1.4196700E-02   4.0000000E+02   5.0000000E+01   5.0928793E+06   1.0000000E+00  
32  2   5.9160805E-03   1.0000000E+02   5.0000000E+01   2.8736226E+07   1.0000000E+02  
33  1   1.4195438E-02   4.0000000E+02   5.0000000E+01   5.0847219E+06   1.0000000E+00  
33  2   6.0903166E-03   1.0000000E+02   5.0000000E+01   2.7019929E+07   1.0000000E+00  
34  1   3.0423005E-03   1.0962746E+02   5.0000000E+01   5.0628032E+06   1.0000000E+00  
34  2   1.4961514E-02   4.0000000E+02   5.0000000E+01   2.2127070E+07   1.0000000E+00  
35  1   2.9821240E-03   4.0000000E+02   1.0000000E-01   5.0323428E+06   1.0000000E+02  
35  2   2.5045513E-03   4.0000000E+02   5.0000000E+01   2.7351527E+07   1.0000000E+02  
36  1   1.4117423E-02   4.0000000E+02   1.0000000E-01   5.0006548E+06   1.0000000E+00  
36  2   5.9736590E-03   1.0000000E+02   5.0000000E+01   3.6124807E+07   1.0000000E+02  
37  1   2.3445186E-03   2.8078963E+02   1.0000000E-01   4.9773127E+06   8.3302445E+01  
37  2   5.8733716E-03   1.0000000E+02   1.0000000E-01   3.9154918E+07   1.0000000E+00  
38  1   4.3051333E-03   1.0000000E+02   1.0000000E-01   4.9687344E+06   1.0000000E+02  
38  2   2.4906341E-03   4.0000000E+02   5.0000000E+01   3.4373946E+07   1.0000000E+02  
39  1   5.7463063E-03   2.5737907E+02   1.0000000E-01   4.9671659E+06   1.0000000E+00  
39  2   5.5904947E-03   1.0000000E+02   1.0000000E-01   3.3054856E+07   1.0000000E+02  
40  1   5.7630488E-03   1.0000000E+02   5.0000000E+01   4.9735620E+06   1.0000000E+02  
40  2   1.5042196E-02   4.0000000E+02   1.0000000E-01   3.4773411E+07   1.0000000E+00  
41  1   2.8988967E-03   4.0000000E+02   5.0000000E+01   4.9900750E+06   1.0000000E+02  
41  2   5.4897126E-03   1.0000000E+02   1.0000000E-01   3.2106960E+07   1.0000000E+00  
42  1   2.8971275E-03   4.0000000E+02   5.0000000E+01   5.0070857E+06   1.0000000E+02  
42  2   5.9364500E-03   1.0000000E+02   5.0000000E+01   3.1098467E+07   1.0000000E+02  
43  1   2.4017316E-03   1.0000000E+02   1.0000000E-01   5.0162512E+06   1.0000000E+00  
43  2   1.5065258E-02   4.0000000E+02   1.0000000E-01   3.8881732E+07   1.0000000E+00  
44  1   3.4664254E-03   1.0000000E+02   5.0000000E+01   5.0190630E+06   1.0000000E+00  
44  2   6.0146370E-03   1.0000000E+02   5.0000000E+01   4.3104221E+07   1.0000000E+02  
45  1   3.7137210E-03   1.6345481E+02   5.0000000E+01   5.0133161E+06   1.0000000E+02  
45  2   2.4905865E-03   4.0000000E+02   1.0000000E-01   4.6229120E+07   1.0000000E+02  
46  1   1.4118070E-02   4.0000000E+02   1.0000000E-01   5.0047241E+06   1.0000000E+00  
46  2   2.4838068E-03   4.0000000E+02   1.0000000E-01   5.3379495E+07   1.0000000E+02  
47  1   5.7432377E-03   1.0000000E+02   4.7654487E+01   4.9976773E+06   1.0000000E+02  
47  2   5.8423330E-03   1.0000000E+02   1.0000000E-01   5.7838290E+07   1.0000000E+02  
48  1   5.7614993E-03   1.0000000E+02   5.0000000E+01   4.9928759E+06   1.0000000E+02  
48  2   6.7498994E-03   1.0000000E+02   5.0000000E+01   4.2592360E+07   1.0000000E+00  
49  1   1.9493600E-03   1.9416910E+02   2.7128786E+01   4.9894940E+06   5.0779084E+01  
49  2   2.5112255E-03   4.0000000E+02   1.0000000E-01   3.3165768E+07   1.0000000E+02  
50  1   1.4115613E-02   4.0000000E+02   1.0000000E-01   4.9893146E+06   1.0000000E+00  
50  2   1.4998120E-02   4.0000000E+02   1.0000000E-01   2.8726498E+07   1.0000000E+00  
51  1   1.3919040E-03   2.0883249E+02   1.0000000E-01   4.9893331E+06   3.6892677E+01  
51  2   2.4870857E-03   4.0000000E+02   5.0000000E+01   3.6869293E+07   1.0000000E+02  
52  1   5.7615869E-03   1.0000000E+02   5.0000000E+01   4.9917777E+06   1.0000000E+02  
52  2   6.1030524E-03   1.0000000E+02   1.0000000E-01   4.4547259E+07   1.0000000E+00  
53  1   1.2328584E-02   3.6665219E+02   1.0000000E-01   4.9951959E+06   1.0000000E+00  
53  2   2.4884674E-03   4.0000000E+02   1.0000000E-01   4.8235397E+07   1.0000000E+02  
54  1   1.4082557E-02   4.0000000E+02   5.0480049E+00   4.9985765E+06   1.0000000E+00  
54  2   1.5079197E-02   4.0000000E+02   5.0000000E+01   3.6403918E+07   1.0000000E+00  
55  1   1.3322891E-03   2.5102320E+02   1.0000000E-01   5.0016637E+06   2.5902287E+01  
55  2   6.5614049E-03   1.0000000E+02   5.0000000E+01   3.6809010E+07   1.0000000E+00  
56  1   2.7227620E-03   1.7929092E+02   5.0000000E+01   5.0030240E+06   1.0000000E+00  
56  2   2.4829482E-03   4.0000000E+02   5.0000000E+01   4.0340517E+07   1.0000000E+02  
57  1   2.4031145E-03   1.0000000E+02   1.0000000E-01   5.0020140E+06   1.0000000E+00  
57  2   2.4829152E-03   4.0000000E+02   5.0000000E+01   4.0371130E+07   1.0000000E+02  
58  1   2.5387739E-03   2.5509240E+02   1.0000000E-01   5.0002427E+06   1.0000000E+02  
58  2   2.5013526E-03   4.0000000E+02   5.0000000E+01   2.8672238E+07   1.0000000E+02  
59  1   2.7367079E-03   3.4484650E+02   1.8711733E+01   4.9989127E+06   1.0000000E+02  
59  2   2.5270713E-03   4.0000000E+02   5.0000000E+01   2.0847570E+07   1.0000000E+02  
60  1   2.7340510E-03   4.0000000E+02   4.7012931E+01   4.9980431E+06   7.0904561E+01  
60  2   2.5960409E-03   4.0000000E+02   1.0000000E-01   1.6038120E+07   1.0000000E+02  
61  1   2.6106698E-03   3.2946918E+02   5.0000000E+01   4.9980956E+06   1.0000000E+02  
61  2   3.9491237E-03   1.0000000E+02   1.0000000E-01   1.6257631E+07   1.0000000E+00  
62  1   2.9136550E-03   3.8385917E+02   1.0000000E-01   4.9986999E+06   1.0000000E+02  
62  2   5.6751679E-03   1.0000000E+02   1.0000000E-01   3.9096570E+07   1.0000000E+02  
63  1   1.4117259E-02   4.0000000E+02   1.0000000E-01   4.9996269E+06   1.0000000E+00  
63  2   5.7301171E-03   1.0000000E+02   1.0000000E-01   4.4008237E+07   1.0000000E+02  
64  1   1.0144268E-02   3.2709571E+02   3.1850403E+01   5.0003196E+06   1.0000000E+00  
64  2   6.0386411E-03   1.0000000E+02   5.0000000E+01   4.8175683E+07   1.0000000E+02  
65  1   1.6664540E-03   2.7474390E+02   5.0000000E+01   5.0007732E+06   4.5055826E+01  
65  2   1.5113968E-02   4.0000000E+02   1.0000000E-01   5.1109872E+07   1.0000000E+00  
66  1   4.3093340E-03   1.0000000E+02   1.0000000E-01   5.0008327E+06   1.0000000E+02  
66  2   2.4964572E-03   4.0000000E+02   1.0000000E-01   4.1497773E+07   1.0000000E+02  
67  1   1.9365497E-03   1.8006877E+02   1.0000000E-01   5.0003284E+06   1.0000000E+00  
67  2   1.5038693E-02   4.0000000E+02   5.0000000E+01   3.0001577E+07   1.0000000E+00  
68  1   5.2304843E-03   2.4886323E+02   6.5132074E-01   4.9998524E+06   1.0000000E+00  
68  2   5.8369638E-03   1.0000000E+02   5.0000000E+01   2.1357722E+07   1.0000000E+02  
69  1   1.5656822E-03   2.6996160E+02   1.0000000E-01   4.9995582E+06   1.8659396E+01  
69  2   1.4985923E-02   4.0000000E+02   5.0000000E+01   2.4323732E+07   1.0000000E+00  
70  1   1.8781336E-03   3.0849061E+02   3.3128420E+01   4.9993970E+06   2.8403061E+01  
70  2   2.4974205E-03   4.0000000E+02   5.0000000E+01   3.0505296E+07   1.0000000E+02  
71  1   1.7251612E-03   2.9488314E+02   4.4135048E+01   4.9995334E+06   2.6748163E+01  
71  2   5.8734581E-03   1.0000000E+02   1.0000000E-01   3.9156759E+07   1.0000000E+00  
72  1   1.9274615E-03   2.8560430E+02   3.5040283E+01   4.9996498E+06   1.4432880E+01  
72  2   2.4853497E-03   4.0000000E+02   5.0000000E+01   3.8242724E+07   1.0000000E+02  
73  1   2.6798272E-03   2.6310910E+02   2.2361575E+01   4.9997561E+06   5.5864871E+00  
73  2   6.4370432E-03   1.0000000E+02   5.0000000E+01   3.3704903E+07   1.0000000E+00  
74  1   7.7719517E-03   2.9020182E+02   1.0000000E-01   4.9999514E+06   1.0000000E+00  
74  2   6.2438179E-03   1.0000000E+02   5.0000000E+01   2.9687586E+07   1.0000000E+00  
75  1   1.6681874E-03   2.8649313E+02   1.4904058E+01   5.0000966E+06   3.4058489E+01  
75  2   5.5957174E-03   1.0000000E+02   1.0000000E-01   3.3384372E+07   1.0000000E+02  
76  1   2.0875519E-03   2.2805707E+02   6.6824386E+00   5.0002014E+06   6.6105888E+01  
76  2   1.5095396E-02   4.0000000E+02   5.0000000E+01   3.9736744E+07   1.0000000E+00  
77  1   2.6744386E-03   1.7714490E+02   1.0000000E-01   5.0002589E+06   8.1888927E+01  
77  2   6.1808293E-03   1.0000000E+02   1.0000000E-01   4.6675214E+07   1.0000000E+00  
78  1   3.7706075E-03   1.1805662E+02   6.5798753E+00   5.0002341E+06   5.2586343E+01  
78  2   2.4759938E-03   4.0000000E+02   5.0000000E+01   4.8161234E+07   1.0000000E+02  
79  1   3.4266836E-03   1.0000000E+02   2.9805041E+01   5.0001140E+06   7.6453441E+00  
79  2   1.5105642E-02   4.0000000E+02   5.0000000E+01   4.2201528E+07   1.0000000E+00  
80  1   3.1355640E-03   2.0416841E+02   1.9111961E+01   4.9999562E+06   1.0000000E+00  
80  2   5.5621386E-03   1.0000000E+02   1.0000000E-01   3.1349272E+07   1.0000000E+02  
81  1   5.1018025E-03   2.7873202E+02   9.4982501E+00   4.9998599E+06   2.4184163E+00  
81  2   2.5112179E-03   4.0000000E+02   5.0000000E+01   2.4990413E+07   1.0000000E+02  
82  1   7.2875268E-03   3.1825084E+02   7.0880846E+00   4.9998244E+06   2.2281615E+00  
82  2   5.8962171E-03   1.0000000E+02   5.0000000E+01   2.6644577E+07   1.0000000E+02  
83  1   8.8220514E-03   3.4577790E+02   1.4200348E+01   4.9998574E+06   2.1330360E+00  
83  2   1.4982526E-02   4.0000000E+02   1.0000000E-01   2.7109714E+07   1.0000000E+00  
84  1   3.6729846E-03   2.9174463E+02   1.6372896E+01   4.9998868E+06   5.3460836E+00  
84  2   1.4946079E-02   4.0000000E+02   1.0000000E-01   2.3836586E+07   1.0000000E+00  
85  1   1.3212705E-03   2.4444041E+02   1.0416229E+01   4.9999460E+06   3.0824750E+01  
85  2   2.5517959E-03   4.0000000E+02   5.0000000E+01   1.6727625E+07   1.0000000E+02  
86  1   1.6064272E-03   2.0289759E+02   4.1341787E+00   5.0000066E+06   4.2319358E+01  
86  2   2.6387411E-03   4.0000000E+02   1.0000000E-01   1.2874780E+07   1.0000000E+02  
87  1   2.0402024E-03   1.6052465E+02   1.1345726E+00   5.0000535E+06   4.1110543E+01  
87  2   5.8655053E-03   1.0000000E+02   5.0000000E+01   2.3749822E+07   1.0000000E+02  
88  1   2.6673433E-03   1.2691032E+02   1.0000000E-01   5.0000647E+06   3.6137951E+01  
88  2   5.8113889E-03   1.0000000E+02   1.0000000E-01   3.7869814E+07   1.0000000E+00  
89  1   3.8503069E-03   1.0000000E+02   6.2179852E-01   5.0000429E+06   4.6304697E+01  
89  2   1.5105596E-02   4.0000000E+02   1.0000000E-01   4.8496987E+07   1.0000000E+00  
90  1   3.6654469E-03   1.1254235E+02   1.4610340E+00   5.0000204E+06   5.3146802E+01  
90  2   5.9909893E-03   1.0000000E+02   1.0000000E-01   4.1818130E+07   1.0000000E+00  
91  1   1.4434262E-03   1.7029314E+02   1.0000000E-01   4.9999934E+06   2.9247295E+01  
91  2   5.4014107E-03   1.0000000E+02   1.0000000E-01   3.0764036E+07   1.0000000E+00  
92  1   9.9822411E-04   2.1348829E+02   2.4045449E+00   4.9999750E+06   8.0034963E+00  
92  2   5.8990848E-03   1.0000000E+02   5.0000000E+01   2.4178872E+07   1.0000000E+00  
93  1   4.9340071E-03   2.4341648E+02   5.2771853E+00   4.9999664E+06   1.0000000E+00  
93  2   5.5534796E-03   1.0000000E+02   1.0000000E-01   3.0854930E+07   1.0000000E+02  
94  1   2.0227647E-03   2.6049198E+02   7.0897791E+00   4.9999694E+06   7.7335150E+00  
94  2   1.4974650E-02   4.0000000E+02   1.0000000E-01   2.6361009E+07   1.0000000E+00  
95  1   1.9427631E-03   2.6049781E+02   1.1421163E+01   4.9999822E+06   8.3138845E+00  
95  2   5.8625985E-03   1.0000000E+02   5.0000000E+01   2.3690004E+07   1.0000000E+00  
96  1   1.0955509E-03   2.2153380E+02   1.8833765E+01   5.0000107E+06   9.8034352E+00  
96  2   5.5734291E-03   1.0000000E+02   1.0000000E-01   3.3479590E+07   1.0000000E+00  
97  1   1.5349497E-03   1.8249882E+02   1.5982266E+01   5.0000379E+06   2.3293878E+00  
97  2   1.5103226E-02   4.0000000E+02   5.0000000E+01   4.1593901E+07   1.0000000E+00  
98  1   1.5958584E-03   1.5644441E+02   7.5307062E+00   5.0000436E+06   1.0000000E+00  
98  2   5.6470566E-03   1.0000000E+02   1.0000000E-01   3.6912124E+07   1.0000000E+02  
99  1   7.1014202E-04   1.7739387E+02   1.0000000E-01   5.0000324E+06   6.5678119E+00  
99  2   5.9703816E-03   1.0000000E+02   5.0000000E+01   3.5638841E+07   1.0000000E+02  
100  1   7.6081174E-04   1.9250572E+02   3.7800396E+00   5.0000243E+06   1.0584139E+01  
100  2   5.1517619E-03   1.0000000E+02   1.0000000E-01   2.7361530E+07   1.0000000E+00  
101  1   8.3539864E-04   1.9957198E+02   7.2169203E+00   5.0000239E+06   8.3782977E+00  
101  2   4.9721221E-03   1.7719101E+02   5.0000000E+01   2.8882632E+07   1.0000000E+00  
102  1   9.4457110E-04   1.9610949E+02   7.5344606E+00   5.0000274E+06   5.7888734E+00  
102  2   2.5121745E-03   4.0000000E+02   5.0000000E+01   2.4688172E+07   1.0000000E+02  
103  1   2.2315706E-03   1.8520554E+02   8.1971679E+00   5.0000315E+06   1.0000000E+00  
103  2   2.5225487E-03   4.0000000E+02   5.0000000E+01   2.1866019E+07   1.0000000E+02  
104  1   9.1102482E-04   1.7741049E+02   9.0049169E+00   5.0000348E+06   4.4508261E+00  
104  2   1.4774251E-02   4.0000000E+02   1.0000000E-01   1.4838230E+07   1.0000000E+00  
105  1   8.2289078E-04   1.7221933E+02   6.9887418E+00   5.0000370E+06   4.9058929E+00  
105  2   1.4625851E-02   4.0000000E+02   1.0000000E-01   1.0922332E+07   1.0000000E+00  
106  1   7.1487011E-04   1.6830437E+02   2.2162980E+00   5.0000387E+06   6.3024091E+00  
106  2   2.7443851E-03   4.0000000E+02   1.0000000E-01   8.7202138E+06   1.0000000E+02  
107  1   7.3487703E-04   1.6528794E+02   1.0000000E-01   5.0000385E+06   7.8323032E+00  
107  2   5.8437655E-03   1.0000000E+02   5.0000000E+01   2.1905316E+07   1.0000000E+02  
108  1   7.3149925E-04   1.6936726E+02   1.0000000E-01   5.0000365E+06   5.0104420E+00  
108  2   1.5026775E-02   4.0000000E+02   1.0000000E-01   3.2623096E+07   1.0000000E+00  
109  1   8.1918651E-04   1.7579468E+02   1.2967504E+00   5.0000331E+06   4.1564460E+00  
109  2   5.9923297E-03   1.0000000E+02   5.0000000E+01   3.9082303E+07   1.0000000E+02  
110  1   8.4124473E-04   1.8142699E+02   2.0073953E+00   5.0000304E+06   4.5008068E+00  
110  2   1.5090609E-02   4.0000000E+02   5.0000000E+01   3.8660742E+07   1.0000000E+00  
111  1   7.6735103E-04   1.8522898E+02   2.4369715E+00   5.0000296E+06   5.9925576E+00  
111  2   5.6019778E-03   1.0000000E+02   1.0000000E-01   3.3786034E+07   1.0000000E+02  
112  1   7.4542675E-04   1.8781726E+02   2.1459085E+00   5.0000301E+06   7.0836728E+00  
112  2   2.5042022E-03   4.0000000E+02   1.0000000E-01   3.6633554E+07   1.0000000E+02  
113  1   7.3585587E-04   1.8804838E+02   1.3354185E+00   5.0000306E+06   7.6098836E+00  
113  2   5.4890166E-03   1.0000000E+02   1.0000000E-01   3.2096029E+07   1.0000000E+00  
114  1   7.1382636E-04   1.8337349E+02   8.3411991E-01   5.0000319E+06   7.9479674E+00  
114  2   1.4960256E-02   4.0000000E+02   1.0000000E-01   2.5032243E+07   1.0000000E+00  
115  1   7.0035921E-04   1.7701927E+02   1.4563995E+00   5.0000325E+06   7.0858868E+00  
115  2   2.5716403E-03   4.0000000E+02   5.0000000E+01   1.4520735E+07   1.0000000E+02  
116  1   7.0387357E-04   1.7243568E+02   1.9052793E+00   5.0000329E+06   6.4640270E+00  
116  2   5.6991857E-03   1.0000000E+02   5.0000000E+01   1.1923872E+07   1.0000000E+02  
117  1   7.1167661E-04   1.6953962E+02   2.0614010E+00   5.0000331E+06   6.0918443E+00  
117  2   2.6228164E-03   4.0000000E+02   1.0000000E-01   1.3889150E+07   1.0000000E+02  
118  1   7.5446005E-04   1.7052225E+02   2.4627746E+00   5.0000331E+06   4.7787507E+00  
118  2   2.5240947E-03   4.0000000E+02   5.0000000E+01   2.1505521E+07   1.0000000E+02  
119  1   7.4191863E-04   1.7315567E+02   2.3848684E+00   5.0000329E+06   5.1320334E+00  
119  2   5.4014529E-03   1.0000000E+02   1.0000000E-01   2.3761647E+07   1.0000000E+02  
120  1   7.1798462E-04   1.7697829E+02   1.2460243E+00   5.0000325E+06   5.9334084E+00  
120  2   1.4992570E-02   4.0000000E+02   5.0000000E+01   2.4928954E+07   1.0000000E+00  
121  1   7.1634432E-04   1.7974644E+02   5.3394562E-01   5.0000324E+06   6.5866096E+00  
121  2   6.1703694E-03   1.0000000E+02   5.0000000E+01   2.8367604E+07   1.0000000E+00  
122  1   7.0904762E-04   1.8097525E+02   1.0000000E-01   5.0000324E+06   7.8590497E+00  
122  2   6.5440857E-03   1.0000000E+02   5.0000000E+01   3.6351660E+07   1.0000000E+00  
123  1   7.1043988E-04   1.8000205E+02   3.0378564E-01   5.0000323E+06   8.5864117E+00  
123  2   2.4951155E-03   4.0000000E+02   1.0000000E-01   4.2485736E+07   1.0000000E+02  
124  1   7.0434206E-04   1.7797009E+02   3.1281569E-01   5.0000309E+06   7.2592065E+00  
124  2   1.5082054E-02   4.0000000E+02   5.0000000E+01   3.6959140E+07   1.0000000E+00  
125  1   7.0932379E-04   1.7635976E+02   9.0474814E-01   5.0000306E+06   6.2400897E+00  
125  2   2.4945656E-03   4.0000000E+02   5.0000000E+01   3.2009434E+07   1.0000000E+02  
126  1   7.1009753E-04   1.7496830E+02   1.9789633E+00   5.0000318E+06   6.1762053E+00  
126  2   4.5162022E-03   1.0000000E+02   1.0000000E-01   2.0674892E+07   1.0000000E+00  
127  1   7.1333399E-04   1.7456138E+02   2.8344670E+00   5.0000323E+06   6.4331395E+00  
127  2   1.4734382E-02   4.0000000E+02   1.0000000E-01   1.3608732E+07   1.0000000E+00  
128  1   7.1929630E-04   1.7465409E+02   3.0004017E+00   5.0000327E+06   6.2097683E+00  
128  2   3.6196864E-03   1.0000000E+02   1.0000000E-01   1.4101076E+07   1.0000000E+00  
129  1   7.2183435E-04   1.7508634E+02   2.9689760E+00   5.0000330E+06   6.1048985E+00  
129  2   2.5497349E-03   4.0000000E+02   5.0000000E+01   1.7001187E+07   1.0000000E+02  
130  1   7.1243225E-04   1.7564541E+02   2.3966043E+00   5.0000329E+06   6.3123222E+00  
130  2   5.8631569E-03   1.0000000E+02   5.0000000E+01   2.3543131E+07   1.0000000E+02  
131  1   7.0322108E-04   1.7623500E+02   1.9153188E+00   5.0000328E+06   6.7291723E+00  
131  2   2.4992718E-03   4.0000000E+02   5.0000000E+01   2.9610726E+07   1.0000000E+02  
132  1   6.9974558E-04   1.7682692E+02   1.3258191E+00   5.0000325E+06   7.1227523E+00  
132  2   6.0206118E-03   1.0000000E+02   5.0000000E+01   4.4287128E+07   1.0000000E+02  
133  1   7.0054750E-04   1.7725390E+02   9.0058500E-01   5.0000322E+06   7.4066603E+00  
133  2   6.2755183E-03   1.0000000E+02   1.0000000E-01   4.9510819E+07   1.0000000E+00  
134  1   7.0148690E-04   1.7749559E+02   8.2307180E-01   5.0000321E+06   7.5710004E+00  
134  2   2.4811719E-03   4.0000000E+02   5.0000000E+01   4.2063505E+07   1.0000000E+02  
135  1   7.0087926E-04   1.7724079E+02   8.0469228E-01   5.0000322E+06   7.2744456E+00  
135  2   5.9646479E-03   1.0000000E+02   5.0000000E+01   2.5102017E+07   1.0000000E+00  
136  1   7.0098379E-04   1.7688604E+02   9.2642140E-01   5.0000322E+06   7.0131925E+00  
136  2   2.5269255E-03   4.0000000E+02   5.0000000E+01   2.0878731E+07   1.0000000E+02  
137  1   7.0081621E-04   1.7663103E+02   1.0572543E+00   5.0000323E+06   6.8892677E+00  
137  2   2.5186774E-03   4.0000000E+02   5.0000000E+01   2.2831215E+07   1.0000000E+02  
138  1   7.0023721E-04   1.7650646E+02   1.1925669E+00   5.0000324E+06   6.9221151E+00  
138  2   2.5457976E-03   4.0000000E+02   1.0000000E-01   2.2889434E+07   1.0000000E+02  
139  1   7.0000409E-04   1.7649181E+02   1.3205570E+00   5.0000325E+06   6.9911754E+00  
139  2   1.5005242E-02   4.0000000E+02   1.0000000E-01   2.9526879E+07   1.0000000E+00  
140  1   6.9963121E-04   1.7648727E+02   1.4407141E+00   5.0000326E+06   7.0965101E+00  
140  2   5.3593688E-03   1.0000000E+02   1.0000000E-01   2.2212015E+07   1.0000000E+02  
141  1   6.9954645E-04   1.7648399E+02   1.5273891E+00   5.0000326E+06   7.1724929E+00  
141  2   3.4187331E-03   1.0000000E+02   1.0000000E-01   1.2886630E+07   1.0000000E+00  
142  1   6.9970537E-04   1.7648162E+02   1.5899120E+00   5.0000326E+06   7.2273030E+00  
142  2   5.7087808E-03   1.0000000E+02   5.0000000E+01   1.2571386E+07   1.0000000E+02  
143  1   6.9956588E-04   1.7647995E+02   1.5962798E+00   5.0000327E+06   7.2406022E+00  
143  2   1.4998926E-02   4.0000000E+02   1.0000000E-01   2.8815592E+07   1.0000000E+00  
144  1   6.9959557E-04   1.7647635E+02   1.5927570E+00   5.0000326E+06   7.2434913E+00  
144  2   6.7019090E-03   1.0000000E+02   5.0000000E+01   4.0977948E+07   1.0000000E+00  
145  1   6.9968237E-04   1.7648398E+02   1.5856915E+00   5.0000326E+06   7.2325547E+00  
145  2   6.0427667E-03   1.0000000E+02   5.0000000E+01   4.9140285E+07   1.0000000E+02  
146  1   6.9963182E-04   1.7649897E+02   1.5538056E+00   5.0000326E+06   7.2192655E+00  
146  2   6.8276995E-03   1.0000000E+02   5.0000000E+01   4.5448090E+07   1.0000000E+00  
147  1   6.9964008E-04   1.7649524E+02   1.5331380E+00   5.0000326E+06   7.1940162E+00  
147  2   5.6503855E-03   1.0000000E+02   1.0000000E-01   3.4816205E+07   1.0000000E+00  
