Iter Part GoF Param1 Param2 Param3 Param4 
1  1   7.9362596E-04   2.0618036E+02  -2.6162676E+01   4.8633764E+06   4.2907810E+01  
1  2   4.2496969E-03   2.7499185E+02   7.8677916E+00   5.2981074E+07   4.5707622E+01  
2  1   2.1954574E-03   1.4872769E+02   9.4361909E+00   3.5081845E+06   3.0951442E+01  
2  2   6.7905318E-03   1.5000000E+02   2.4950000E+01   3.4595234E+07   4.9500000E+01  
3  1   4.8293287E-03   1.5000000E+02   2.4950000E+01   1.8995400E+06  -4.9500000E+01  
3  2   2.4686928E-03   3.0000000E+02   4.9900000E+01  -1.0789578E+07   9.9000000E+01  
4  1   5.6724902E-03   1.5000000E+02   4.9900000E+01  -6.5036358E+05  -4.9500000E+01  
4  2   6.4031126E-03  -3.0000000E+02  -2.4950000E+01  -2.8127221E+07  -9.9000000E+01  
5  1   1.4175230E-02   3.0000000E+02  -4.9900000E+01  -4.3731662E+06  -9.9000000E+01  
5  2   4.9788941E-03   1.5000000E+02  -4.9900000E+01  -2.0167818E+07   9.9000000E+01  
6  1   3.5691414E-03  -3.0000000E+02   2.4950000E+01  -3.2700115E+06   4.9500000E+01  
6  2   5.7582716E-03   1.5000000E+02   4.9900000E+01   3.0009373E+06  -4.9500000E+01  
7  1   6.6290479E-03   1.5000000E+02   4.9900000E+01  -6.6572556E+05   9.9000000E+01  
7  2   5.5920463E-03   1.5000000E+02  -4.9900000E+01   1.8035912E+07  -9.9000000E+01  
8  1   3.2488999E-03   3.0000000E+02  -2.4950000E+01   1.5136489E+06  -4.9500000E+01  
8  2   6.0611453E-03   1.5000000E+02   4.9900000E+01   2.0035950E+07   9.9000000E+01  
9  1   1.4031644E-02  -1.5000000E+02  -4.9900000E+01   1.5389482E+06  -9.9000000E+01  
9  2   6.6563490E-03   1.5000000E+02  -4.9900000E+01   1.0710697E+07  -9.9000000E+01  
10  1   3.4747066E-03  -3.0000000E+02   4.9900000E+01   1.1886126E+06   4.9500000E+01  
10  2   2.4790972E-03   3.0000000E+02   2.4950000E+01  -4.6146237E+06   9.9000000E+01  
11  1   4.4767220E-03   1.5000000E+02  -4.9900000E+01   7.0841891E+05   9.9000000E+01  
11  2   1.5132844E-02  -1.5000000E+02   4.9900000E+01  -9.4801747E+06  -9.9000000E+01  
12  1   3.5725463E-03   1.5000000E+02   4.9900000E+01   2.2861328E+05  -9.9000000E+01  
12  2   1.5080954E-02  -1.5000000E+02  -4.9900000E+01  -8.2731608E+06   4.9500000E+01  
13  1   5.6884589E-03   1.5000000E+02  -2.4950000E+01  -2.0628879E+05   9.9000000E+01  
13  2   1.5039257E-02  -1.5000000E+02   4.9900000E+01  -1.2099962E+07   4.9500000E+01  
14  1   2.9195600E-03   3.0000000E+02  -4.9900000E+01  -7.4444806E+05  -4.9500000E+01  
14  2   5.8414870E-03  -3.0000000E+02  -2.4950000E+01  -8.3559359E+06   9.9000000E+01  
15  1   3.4648815E-03  -3.0000000E+02   4.9900000E+01  -6.1803631E+05  -9.9000000E+01  
15  2   2.6128699E-03   3.0000000E+02  -4.9900000E+01  -7.1075362E+06  -4.9500000E+01  
16  1   5.7987105E-03   1.5000000E+02  -2.4950000E+01  -4.7424247E+05   9.9000000E+01  
16  2   2.6253957E-03  -1.5000000E+02   2.4950000E+01  -8.9928093E+05  -4.9500000E+01  
17  1   3.0755293E-03   3.0000000E+02  -4.9900000E+01  -2.9572692E+05  -4.9500000E+01  
17  2   2.5195577E-03  -1.5000000E+02   4.9900000E+01   8.8898306E+06  -4.9500000E+01  
18  1   3.0012879E-03  -1.5000000E+02   4.9900000E+01  -1.1894098E+05  -4.9500000E+01  
18  2   5.9717538E-03  -3.0000000E+02  -2.4950000E+01   1.3237746E+07  -4.9500000E+01  
19  1   3.5063442E-03  -3.0000000E+02  -2.4950000E+01   4.2059118E+05  -9.9000000E+01  
19  2   6.8102094E-03   1.5000000E+02  -2.4950000E+01   8.9391996E+06  -9.9000000E+01  
20  1   1.4128557E-02   3.0000000E+02  -4.9900000E+01   4.8206555E+05   4.9500000E+01  
20  2   2.5001548E-03   3.0000000E+02  -4.9900000E+01  -5.7674467E+06   9.9000000E+01  
21  1   1.4177426E-02  -1.5000000E+02   2.4950000E+01   3.3286563E+05   4.9500000E+01  
21  2   2.5090217E-03  -1.5000000E+02   2.4950000E+01  -4.8371774E+06  -4.9500000E+01  
22  1   2.8559003E-03  -1.5000000E+02   4.9900000E+01   3.4940783E+04   9.9000000E+01  
22  2   2.5156199E-03  -1.5000000E+02   2.4950000E+01  -2.8442592E+06  -4.9500000E+01  
23  1   2.9530965E-03  -1.5000000E+02  -4.9900000E+01  -1.2623809E+05  -4.9500000E+01  
23  2   1.5023859E-02  -1.5000000E+02   2.4950000E+01   8.5377623E+05  -9.9000000E+01  
24  1   2.8987475E-03  -1.5000000E+02   4.9900000E+01  -3.2173636E+05  -4.9500000E+01  
24  2   1.5067972E-02  -1.5000000E+02   4.9900000E+01   2.1847574E+06   4.9500000E+01  
25  1   3.0127220E-03  -1.5000000E+02  -4.9900000E+01  -2.2717939E+05  -4.9500000E+01  
25  2   5.5178928E-03  -3.0000000E+02  -4.9900000E+01  -5.4289860E+06   9.9000000E+01  
26  1   1.4136129E-02  -1.5000000E+02   4.9900000E+01  -5.5393996E+04  -9.9000000E+01  
26  2   4.8119082E-03   1.5000000E+02   2.4950000E+01  -5.4469506E+06  -9.9000000E+01  
27  1   3.0165135E-03  -1.5000000E+02  -4.9900000E+01   2.3980668E+04   9.9000000E+01  
27  2   1.4990659E-02   3.0000000E+02   4.9900000E+01   1.2579645E+06   4.9500000E+01  
28  1   5.7775189E-03  -3.0000000E+02   4.9900000E+01   7.0846641E+04  -4.9500000E+01  
28  2   6.0677940E-03  -3.0000000E+02  -2.4950000E+01   1.9092669E+06   4.9500000E+01  
29  1   2.9953038E-03   3.0000000E+02  -4.9900000E+01   1.0985901E+05  -4.9500000E+01  
29  2   2.4882081E-03   3.0000000E+02  -2.4950000E+01   9.3762323E+06   9.9000000E+01  
30  1   1.4119157E-02  -1.5000000E+02   2.4950000E+01   9.7940954E+04  -9.9000000E+01  
30  2   6.0144218E-03  -3.0000000E+02  -2.4950000E+01   7.0249664E+06  -4.9500000E+01  
31  1   2.9774759E-03  -1.5000000E+02   2.4950000E+01   6.3912324E+04   9.9000000E+01  
31  2   1.5073231E-02   3.0000000E+02  -2.4950000E+01  -7.7676185E+06  -9.9000000E+01  
32  1   1.4196700E-02  -1.5000000E+02   4.9900000E+01   1.7408467E+04  -9.9000000E+01  
32  2   5.9160805E-03  -3.0000000E+02  -2.4950000E+01  -6.5586756E+06   9.9000000E+01  
33  1   1.4195438E-02  -1.5000000E+02  -2.4950000E+01  -8.1574598E+03   4.9500000E+01  
33  2   6.0903166E-03   1.5000000E+02  -2.4950000E+01  -1.7162966E+06  -9.9000000E+01  
34  1   3.0423005E-03  -2.9037254E+02  -2.4950000E+01  -2.1918650E+04   4.9500000E+01  
34  2   1.4961514E-02   3.0000000E+02  -2.4950000E+01  -4.8928586E+06   4.9500000E+01  
35  1   2.9821240E-03  -1.5000000E+02  -4.9900000E+01  -3.0460437E+04   9.9000000E+01  
35  2   2.5045513E-03  -1.5000000E+02  -2.4950000E+01   5.2244568E+06   9.9000000E+01  
36  1   1.4117423E-02  -1.5000000E+02   2.4950000E+01  -3.1688043E+04  -9.9000000E+01  
36  2   5.9736590E-03  -3.0000000E+02  -2.4950000E+01   8.7732799E+06  -4.9500000E+01  
37  1   2.3445186E-03  -1.1921037E+02   2.4477574E+01  -2.3342068E+04   8.2302445E+01  
37  2   5.8733716E-03   1.5000000E+02  -4.9900000E+01   3.0301112E+06  -9.9000000E+01  
38  1   4.3051333E-03   1.5000000E+02   2.4950000E+01  -8.5783118E+03  -4.9500000E+01  
38  2   2.4906341E-03   3.0000000E+02   4.9900000E+01  -4.7809723E+06   9.9000000E+01  
39  1   5.7463063E-03   1.5737907E+02   2.4950000E+01  -1.5684782E+03  -9.9000000E+01  
39  2   5.5904947E-03  -3.0000000E+02  -4.9900000E+01  -1.3190899E+06  -4.9500000E+01  
40  1   5.7630488E-03   1.5000000E+02   4.9900000E+01   6.3961106E+03   9.9000000E+01  
40  2   1.5042196E-02   3.0000000E+02   2.4950000E+01   1.7185544E+06  -9.9000000E+01  
41  1   2.8988967E-03   3.0000000E+02  -2.4950000E+01   1.6513020E+04  -1.7118792E+01  
41  2   5.4897126E-03  -3.0000000E+02   2.4950000E+01  -2.6664501E+06   4.9500000E+01  
42  1   2.8971275E-03  -1.5000000E+02  -2.4950000E+01   1.7010662E+04  -4.9500000E+01  
42  2   5.9364500E-03   1.5000000E+02   4.9900000E+01  -1.0084938E+06   9.9000000E+01  
43  1   2.4017316E-03  -3.0000000E+02  -4.9900000E+01   9.1654563E+03  -9.9000000E+01  
43  2   1.5065258E-02   3.0000000E+02  -4.9900000E+01   7.7832651E+06  -9.9000000E+01  
44  1   3.4664254E-03   2.6840118E+01   4.9900000E+01   2.8118573E+03   4.9500000E+01  
44  2   6.0146370E-03  -3.0000000E+02   4.9900000E+01   4.2224892E+06   9.9000000E+01  
45  1   3.7137210E-03   6.3454811E+01  -2.4950000E+01  -5.7469077E+03   9.9000000E+01  
45  2   2.4905865E-03   3.0000000E+02  -4.9900000E+01   3.1248991E+06  -4.9500000E+01  
46  1   1.4118070E-02  -1.5000000E+02  -4.9900000E+01  -8.5919814E+03  -9.9000000E+01  
46  2   2.4838068E-03  -1.5000000E+02   2.4950000E+01   7.1503748E+06  -4.9500000E+01  
47  1   5.7432377E-03  -3.0000000E+02   4.7554487E+01  -7.0468565E+03   9.9000000E+01  
47  2   5.8423330E-03  -3.0000000E+02   2.4950000E+01   4.4587951E+06  -4.9500000E+01  
48  1   5.7614993E-03   5.2377559E+01  -2.4950000E+01  -4.8013243E+03  -4.9500000E+01  
48  2   6.7498994E-03   1.5000000E+02   4.9900000E+01  -1.5245930E+07  -9.9000000E+01  
49  1   1.9493600E-03   9.4169102E+01  -2.2871214E+01  -3.3819770E+03  -4.9220916E+01  
49  2   2.5112255E-03   3.0000000E+02  -4.9900000E+01  -9.4265923E+06   9.9000000E+01  
50  1   1.4115613E-02  -1.5000000E+02   2.4950000E+01  -1.7934710E+02   4.9500000E+01  
50  2   1.4998120E-02  -1.5000000E+02   2.4950000E+01  -4.4392705E+06  -9.9000000E+01  
51  1   1.3919040E-03  -1.9116751E+02   9.2403293E+00   1.8443796E+01   3.5892677E+01  
51  2   2.4870857E-03  -1.5000000E+02   4.9900000E+01   8.1427957E+06   9.9000000E+01  
52  1   5.7615869E-03   1.5000000E+02   4.9900000E+01   2.4446378E+03  -4.3810362E+01  
52  2   6.1030524E-03  -3.0000000E+02  -4.9900000E+01   7.6779658E+06  -9.9000000E+01  
53  1   1.2328584E-02   2.6665219E+02  -4.9900000E+01   3.4181800E+03  -9.9000000E+01  
53  2   2.4884674E-03   3.0000000E+02   2.4950000E+01   3.6881384E+06   9.9000000E+01  
54  1   1.4082557E-02  -8.2679782E+01   4.9480049E+00   3.3806640E+03   8.1343699E+00  
54  2   1.5079197E-02  -1.5000000E+02   4.9900000E+01  -1.1831480E+07  -9.9000000E+01  
55  1   1.3322891E-03  -1.4897680E+02   5.8073509E+00   3.0871368E+03   2.4902287E+01  
55  2   6.5614049E-03  -3.0000000E+02  -2.4950000E+01   4.0509251E+05   4.9500000E+01  
56  1   2.7227620E-03  -7.1732279E+01   4.9900000E+01   1.3603382E+03   4.3249228E+01  
56  2   2.4829482E-03   3.0000000E+02  -2.4950000E+01   3.5315068E+06   9.9000000E+01  
57  1   2.4031145E-03   1.0828954E+02  -4.9900000E+01  -1.0099734E+03   4.9500000E+01  
57  2   2.4829152E-03  -1.5000000E+02  -2.4950000E+01   3.0612622E+04  -4.9500000E+01  
58  1   2.5387739E-03   1.5509240E+02   2.4950000E+01  -1.7713089E+03   9.9000000E+01  
58  2   2.5013526E-03  -1.5000000E+02  -2.4950000E+01  -1.1698891E+07  -4.9500000E+01  
59  1   2.7367079E-03   8.9754099E+01   1.8611733E+01  -1.3300516E+03  -2.3012319E+01  
59  2   2.5270713E-03  -1.5000000E+02  -2.4950000E+01  -7.8246681E+06  -4.9500000E+01  
60  1   2.7340510E-03  -2.7889363E+01   2.8301197E+01  -8.6962494E+02  -2.9095439E+01  
60  2   2.5960409E-03  -1.5000000E+02  -4.9900000E+01  -4.8094506E+06  -4.9500000E+01  
61  1   2.6106698E-03  -7.0530815E+01  -2.4950000E+01   5.2533387E+01  -4.9500000E+01  
61  2   3.9491237E-03  -3.0000000E+02   2.4950000E+01   2.1951111E+05  -9.9000000E+01  
62  1   2.9136550E-03   5.4389984E+01  -4.9900000E+01   6.0428936E+02  -4.9500000E+01  
62  2   5.6751679E-03   1.5000000E+02   2.4950000E+01   2.2838939E+07   9.9000000E+01  
63  1   1.4117259E-02  -2.4281142E+01   2.4950000E+01   9.2703192E+02  -9.9000000E+01  
63  2   5.7301171E-03   1.5000000E+02   2.4950000E+01   4.9116670E+06  -4.9500000E+01  
64  1   1.0144268E-02  -7.2904288E+01   3.1750403E+01   6.9264524E+02   3.8367155E+01  
64  2   6.0386411E-03   1.5000000E+02   4.9900000E+01   4.1674455E+06  -4.9500000E+01  
65  1   1.6664540E-03  -5.2351810E+01  -1.3190872E+01   4.5363633E+02   4.4055826E+01  
65  2   1.5113968E-02   3.0000000E+02  -4.9900000E+01   2.9341895E+06  -9.9000000E+01  
66  1   4.3093340E-03   1.4412739E+02  -4.9900000E+01   5.9551223E+01  -4.9500000E+01  
66  2   2.4964572E-03  -1.5000000E+02   2.4950000E+01  -9.6120995E+06   9.9000000E+01  
67  1   1.9365497E-03   8.0068772E+01   2.4950000E+01  -5.0429691E+02  -9.9000000E+01  
67  2   1.5038693E-02  -1.5000000E+02   4.9900000E+01  -1.1496195E+07  -9.9000000E+01  
68  1   5.2304843E-03   6.8794455E+01   5.5132074E-01  -4.7606192E+02   4.3708508E+01  
68  2   5.8369638E-03  -3.0000000E+02  -2.4950000E+01  -8.6438554E+06   9.9000000E+01  
69  1   1.5656822E-03   2.1098369E+01   3.7170583E+00  -2.9421588E+02   1.7659396E+01  
69  2   1.4985923E-02   3.0000000E+02  -2.4950000E+01   2.9660100E+06  -9.9000000E+01  
70  1   1.8781336E-03   3.8529016E+01   3.3028420E+01  -1.6115723E+02   9.7436644E+00  
70  2   2.4974205E-03  -1.5000000E+02  -2.4950000E+01   6.1815637E+06   9.9000000E+01  
71  1   1.7251612E-03  -1.3607468E+01   1.1006628E+01   1.3638155E+02  -1.6548974E+00  
71  2   5.8734581E-03  -3.0000000E+02  -4.9900000E+01   8.6514636E+06  -9.9000000E+01  
72  1   1.9274615E-03  -9.2788484E+00  -9.0947645E+00   1.1636031E+02  -1.2315283E+01  
72  2   2.4853497E-03   3.0000000E+02   4.9900000E+01  -9.1403524E+05   9.9000000E+01  
73  1   2.6798272E-03  -2.2495198E+01  -1.2678709E+01   1.0630708E+02  -8.8463933E+00  
73  2   6.4370432E-03  -3.0000000E+02  -2.4950000E+01  -4.5378211E+06  -9.9000000E+01  
74  1   7.7719517E-03   2.7092728E+01   2.4950000E+01   1.9531608E+02   3.8507615E+01  
74  2   6.2438179E-03   1.5000000E+02  -2.4950000E+01  -4.0173169E+06   4.9500000E+01  
75  1   1.6681874E-03  -3.7086973E+00   1.4804058E+01   1.4524141E+02   3.3058489E+01  
75  2   5.5957174E-03   1.5000000E+02  -4.9900000E+01   3.6967858E+06   9.9000000E+01  
76  1   2.0875519E-03  -5.8436053E+01  -8.2216192E+00   1.0482301E+02   3.2047399E+01  
76  2   1.5095396E-02   3.0000000E+02   4.9900000E+01   6.3523723E+06  -9.9000000E+01  
77  1   2.6744386E-03  -5.0912173E+01   3.5125689E+00   5.7507691E+01   1.5783039E+01  
77  2   6.1808293E-03  -3.0000000E+02  -4.9900000E+01   6.9384695E+06   4.9500000E+01  
78  1   3.7706075E-03  -5.9088280E+01   6.4798753E+00  -2.4807271E+01  -2.9302584E+01  
78  2   2.4759938E-03   3.0000000E+02   4.9900000E+01   1.4860205E+06   9.9000000E+01  
79  1   3.4266836E-03   5.0681852E+01   2.3225165E+01  -1.2010420E+02  -4.4940999E+01  
79  2   1.5105642E-02  -1.5000000E+02  -2.4950000E+01  -5.9597059E+06  -9.9000000E+01  
80  1   3.1355640E-03   1.0416841E+02  -1.0693080E+01  -1.5785880E+02   1.5811504E+01  
80  2   5.5621386E-03  -3.0000000E+02  -4.9900000E+01  -1.0852256E+07   9.9000000E+01  
81  1   5.1018025E-03   7.4563610E+01  -9.6137109E+00  -9.6239438E+01   1.4184163E+00  
81  2   2.5112179E-03   3.0000000E+02   4.9900000E+01  -6.3588595E+06  -4.9500000E+01  
82  1   7.2875268E-03   3.9518816E+01  -2.4101655E+00  -3.5521041E+01  -1.9025476E-01  
82  2   5.8962171E-03  -3.0000000E+02  -2.4950000E+01   1.6541643E+06  -4.9500000E+01  
83  1   8.8220514E-03   2.7527057E+01   7.1122637E+00   3.3027771E+01  -9.5125470E-02  
83  2   1.4982526E-02   3.0000000E+02  -4.9900000E+01   4.6513749E+05  -9.9000000E+01  
84  1   3.6729846E-03  -5.4033264E+01   2.1725474E+00   2.9348013E+01   3.2130475E+00  
84  2   1.4946079E-02  -1.5000000E+02   2.4950000E+01  -3.2731288E+06   4.9500000E+01  
85  1   1.3212705E-03  -4.7304222E+01  -5.9566665E+00   5.9237120E+01   2.5478666E+01  
85  2   2.5517959E-03  -1.5000000E+02   4.9900000E+01  -7.1089609E+06   9.9000000E+01  
86  1   1.6064272E-03  -4.1542817E+01  -6.2820504E+00   6.0582290E+01   1.1494608E+01  
86  2   2.6387411E-03  -1.5000000E+02  -4.9900000E+01  -3.8528452E+06  -4.9500000E+01  
87  1   2.0402024E-03  -4.2372949E+01  -2.9996062E+00   4.6898087E+01  -1.2088154E+00  
87  2   5.8655053E-03  -3.0000000E+02   4.9900000E+01   1.0875042E+07  -4.9500000E+01  
88  1   2.6673433E-03  -3.3614327E+01   4.1472802E+00   1.1167534E+01  -4.9725921E+00  
88  2   5.8113889E-03   1.5000000E+02  -4.9900000E+01   1.4119992E+07  -9.9000000E+01  
89  1   3.8503069E-03   1.5133827E+01   5.2179852E-01  -2.1790433E+01   1.0166746E+01  
89  2   1.5105596E-02   3.0000000E+02   2.4950000E+01   1.0627173E+07   4.9500000E+01  
90  1   3.6654469E-03   1.2542354E+01   8.3923546E-01  -2.2463026E+01   6.8421055E+00  
90  2   5.9909893E-03  -3.0000000E+02   2.4950000E+01  -6.6788570E+06   4.9500000E+01  
91  1   1.4434262E-03   5.7750788E+01   2.5910614E+00  -2.7016150E+01  -2.3899508E+01  
91  2   5.4014107E-03   1.5000000E+02   2.4950000E+01  -1.1054093E+07   4.9500000E+01  
92  1   9.9822411E-04   4.3195144E+01   2.3045449E+00  -1.8375969E+01  -2.1243798E+01  
92  2   5.8990848E-03   1.5000000E+02   4.9900000E+01  -6.5851639E+06   4.9500000E+01  
93  1   4.9340071E-03   2.9928194E+01   2.8726404E+00  -8.6483625E+00   7.2591984E+00  
93  2   5.5534796E-03   1.5000000E+02  -4.9900000E+01   6.6760575E+06   9.9000000E+01  
94  1   2.0227647E-03   1.7075504E+01   1.8125938E+00   3.0468127E+00   6.7335150E+00  
94  2   1.4974650E-02   3.0000000E+02   2.4950000E+01  -4.4939208E+06  -9.9000000E+01  
95  1   1.9427631E-03   5.8264699E-03   4.3313840E+00   1.2783195E+01   5.8036953E-01  
95  2   5.8625985E-03  -3.0000000E+02   4.9900000E+01  -2.6710053E+06   4.9500000E+01  
96  1   1.0955509E-03  -3.8964013E+01   7.4126019E+00   2.8460198E+01   1.4895507E+00  
96  2   5.5734291E-03   1.5000000E+02  -4.9900000E+01   9.7895860E+06   4.9500000E+01  
97  1   1.5349497E-03  -3.9034976E+01  -2.8514992E+00   2.7180592E+01  -7.4740474E+00  
97  2   1.5103226E-02   3.0000000E+02   4.9900000E+01   8.1143115E+06   4.9500000E+01  
98  1   1.5958584E-03  -2.6054415E+01  -8.4515595E+00   5.7809547E+00   1.3157441E+00  
98  2   5.6470566E-03  -3.0000000E+02  -4.9900000E+01  -4.6817773E+06   9.9000000E+01  
99  1   7.1014202E-04   2.0949467E+01   5.1016182E+00  -1.1221380E+01   5.5678119E+00  
99  2   5.9703816E-03   1.5000000E+02   4.9900000E+01  -1.2732828E+06  -4.9500000E+01  
100  1   7.6081174E-04   1.5111846E+01   3.6800396E+00  -8.0945145E+00   4.0163273E+00  
100  2   5.1517619E-03   1.5000000E+02  -4.9900000E+01  -8.2773115E+06  -9.9000000E+01  
101  1   8.3539864E-04   7.0662579E+00   3.4368806E+00  -4.6520270E-01  -2.2058415E+00  
101  2   4.9721221E-03   7.7191013E+01   4.9900000E+01   1.5211019E+06   4.9500000E+01  
102  1   9.4457110E-04  -3.4624857E+00   3.1754030E-01   3.5586684E+00  -2.5894243E+00  
102  2   2.5121745E-03  -1.5000000E+02  -2.4950000E+01  -4.1944603E+06   9.9000000E+01  
103  1   2.2315706E-03  -1.0903952E+01   6.6270732E-01   4.0407592E+00   2.6250192E+00  
103  2   2.5225487E-03  -1.5000000E+02  -2.4950000E+01  -2.8221521E+06  -4.9500000E+01  
104  1   9.1102482E-04  -7.7950516E+00   8.0774900E-01   3.3187830E+00   3.4508261E+00  
104  2   1.4774251E-02  -1.5000000E+02  -4.9900000E+01  -7.0277894E+06  -9.9000000E+01  
105  1   8.2289078E-04  -5.1911611E+00  -2.0161751E+00   2.2162667E+00   4.5506675E-01  
105  2   1.4625851E-02  -1.5000000E+02   2.4950000E+01  -3.9158984E+06   4.9500000E+01  
106  1   7.1487011E-04  -3.9149570E+00  -4.7724437E+00   1.7360359E+00   1.3965163E+00  
106  2   2.7443851E-03  -1.5000000E+02   2.4950000E+01  -2.2021179E+06   9.9000000E+01  
107  1   7.3487703E-04  -3.0164330E+00   2.6267252E+00  -2.2413790E-01   1.5298941E+00  
107  2   5.8437655E-03  -3.0000000E+02   4.9900000E+01   1.3185102E+07  -4.9500000E+01  
108  1   7.3149925E-04   4.0793229E+00   3.2562970E-01  -2.0506528E+00  -2.8218612E+00  
108  2   1.5026775E-02   3.0000000E+02  -4.9900000E+01   1.0717781E+07  -9.9000000E+01  
109  1   8.1918651E-04   6.4274199E+00   1.1967504E+00  -3.3305866E+00  -8.5399598E-01  
109  2   5.9923297E-03  -3.0000000E+02   4.9900000E+01   6.4592067E+06   9.9000000E+01  
110  1   8.4124473E-04   5.6323109E+00   7.1064488E-01  -2.7657470E+00   3.4436078E-01  
110  2   1.5090609E-02   3.0000000E+02  -2.4950000E+01  -4.2156137E+05  -9.9000000E+01  
111  1   7.6735103E-04   3.8019943E+00   4.2957616E-01  -8.0183250E-01   1.4917508E+00  
111  2   5.6019778E-03  -3.0000000E+02  -4.9900000E+01  -4.8747073E+06   9.9000000E+01  
112  1   7.4542675E-04   2.5882806E+00  -2.9106300E-01   5.9647501E-01   1.0911152E+00  
112  2   2.5042022E-03   3.0000000E+02   2.4950000E+01   2.8475190E+06  -4.9500000E+01  
113  1   7.3585587E-04   2.3112015E-01  -8.1049000E-01   4.6025720E-01   5.2621075E-01  
113  2   5.4890166E-03  -3.0000000E+02   2.4950000E+01  -4.5375244E+06  -9.9000000E+01  
114  1   7.1382636E-04  -4.6748926E+00  -5.0129855E-01   1.2662722E+00   3.3808386E-01  
114  2   1.4960256E-02   3.0000000E+02   2.4950000E+01  -7.0637858E+06   4.9500000E+01  
115  1   7.0035921E-04  -6.3542171E+00   6.2227958E-01   6.1812184E-01  -8.6208066E-01  
115  2   2.5716403E-03  -1.5000000E+02   4.9900000E+01  -1.0511508E+07   9.9000000E+01  
116  1   7.0387357E-04  -4.5835988E+00   4.4887983E-01   4.4588066E-01  -6.2185975E-01  
116  2   5.6991857E-03  -3.0000000E+02  -2.4950000E+01  -2.5968625E+06  -4.9500000E+01  
117  1   7.1167661E-04  -2.8960540E+00   1.5612166E-01   1.2846440E-01  -3.7218269E-01  
117  2   2.6228164E-03   3.0000000E+02  -4.9900000E+01   1.9652771E+06  -4.9500000E+01  
118  1   7.5446005E-04   9.8262757E-01   4.0137362E-01   7.7669833E-02  -1.3130937E+00  
118  2   2.5240947E-03  -1.5000000E+02   4.9900000E+01   7.6163717E+06  -4.9500000E+01  
119  1   7.4191863E-04   2.6334242E+00  -7.7906185E-02  -2.7958202E-01   3.5328271E-01  
119  2   5.4014529E-03  -3.0000000E+02  -4.9900000E+01   2.2561254E+06  -4.9500000E+01  
120  1   7.1798462E-04   3.8226205E+00  -1.1388441E+00  -3.3503464E-01   8.0137501E-01  
120  2   1.4992570E-02   3.0000000E+02   4.9900000E+01   1.1673070E+06  -9.9000000E+01  
121  1   7.1634432E-04   2.7681453E+00  -7.1207867E-01  -1.4446788E-01   6.5320119E-01  
121  2   6.1703694E-03  -3.0000000E+02  -2.4950000E+01   3.4386505E+06   4.9500000E+01  
122  1   7.0904762E-04   1.2288149E+00   4.6097402E-01  -2.0972176E-02   1.2724401E+00  
122  2   6.5440857E-03   1.5000000E+02  -2.4950000E+01   7.9840560E+06   4.9500000E+01  
123  1   7.1043988E-04  -9.7320229E-01   2.0378564E-01  -6.5948614E-02   7.2736207E-01  
123  2   2.4951155E-03   3.0000000E+02  -4.9900000E+01   6.1340762E+06   9.9000000E+01  
124  1   7.0434206E-04  -2.0319656E+00   9.0300449E-03  -1.3641069E+00  -1.3272053E+00  
124  2   1.5082054E-02  -1.5000000E+02   4.9900000E+01  -5.5265962E+06  -9.9000000E+01  
125  1   7.0932379E-04  -1.6103219E+00   5.9193245E-01  -3.8149931E-01  -1.0191168E+00  
125  2   2.4945656E-03  -1.5000000E+02  -2.4950000E+01  -4.9497058E+06   9.9000000E+01  
126  1   7.1009753E-04  -1.3914688E+00   1.0742151E+00   1.2416155E+00  -6.3884379E-02  
126  2   4.5162022E-03  -3.0000000E+02  -4.9900000E+01  -1.1334543E+07  -9.9000000E+01  
127  1   7.1333399E-04  -4.0691413E-01   8.5550373E-01   4.6995877E-01   2.5693421E-01  
127  2   1.4734382E-02   3.0000000E+02   2.4950000E+01  -7.0661592E+06   4.9500000E+01  
128  1   7.1929630E-04   9.2712402E-02   1.6593470E-01   4.0004022E-01  -2.2337124E-01  
128  2   3.6196864E-03  -3.0000000E+02   2.4950000E+01   4.9234407E+05   4.9500000E+01  
129  1   7.2183435E-04   4.3224338E-01  -3.1425666E-02   2.9930094E-01  -1.0486980E-01  
129  2   2.5497349E-03   3.0000000E+02   4.9900000E+01   2.9001100E+06   9.9000000E+01  
130  1   7.1243225E-04   5.5907690E-01  -5.7237170E-01  -2.8869433E-02   2.0742377E-01  
130  2   5.8631569E-03  -3.0000000E+02  -2.4950000E+01   6.5419441E+06  -4.9500000E+01  
131  1   7.0322108E-04   5.8958708E-01  -4.8128553E-01  -1.2713861E-01   4.1685009E-01  
131  2   2.4992718E-03   3.0000000E+02  -2.4950000E+01   6.0675954E+06  -4.9500000E+01  
132  1   6.9974558E-04   5.9191883E-01  -5.8949968E-01  -3.5732284E-01   3.9358001E-01  
132  2   6.0206118E-03  -3.0000000E+02  -2.4950000E+01   1.4676402E+07  -4.9500000E+01  
133  1   7.0054750E-04   4.2697918E-01  -4.2523413E-01  -2.5775394E-01   2.8390796E-01  
133  2   6.2755183E-03   1.5000000E+02  -4.9900000E+01   5.2236910E+06  -9.9000000E+01  
134  1   7.0148690E-04   2.4168989E-01  -7.7513204E-02  -1.4138636E-01   1.6434014E-01  
134  2   2.4811719E-03   3.0000000E+02   4.9900000E+01  -7.4473139E+06   9.9000000E+01  
135  1   7.0087926E-04  -2.5480277E-01  -1.8379517E-02   1.1156545E-01  -2.9655483E-01  
135  2   5.9646479E-03  -3.0000000E+02  -2.4950000E+01  -1.6961488E+07  -9.9000000E+01  
136  1   7.0098379E-04  -3.5474254E-01   1.2172912E-01   7.4422128E-02  -2.6125314E-01  
136  2   2.5269255E-03   3.0000000E+02  -2.4950000E+01  -4.2232857E+06   9.9000000E+01  
137  1   7.0081621E-04  -2.5501036E-01   1.3083288E-01   7.7119357E-02  -1.2392482E-01  
137  2   2.5186774E-03  -1.5000000E+02  -2.4950000E+01   1.9524839E+06  -4.9500000E+01  
138  1   7.0023721E-04  -1.2457005E-01   1.3531260E-01   9.8027849E-02   3.2847438E-02  
138  2   2.5457976E-03  -1.5000000E+02  -4.9900000E+01   5.8219304E+04  -4.9500000E+01  
139  1   7.0000409E-04  -1.4651141E-02   1.2799009E-01   7.7110630E-02   6.9060341E-02  
139  2   1.5005242E-02  -1.5000000E+02   2.4950000E+01   6.6374451E+06  -9.9000000E+01  
140  1   6.9963121E-04  -4.5446657E-03   1.2015712E-01   6.5992137E-02   1.0533463E-01  
140  2   5.3593688E-03  -3.0000000E+02   2.4950000E+01  -7.3148644E+06   9.9000000E+01  
141  1   6.9954645E-04  -3.2782834E-03   8.6675039E-02   4.7603264E-02   7.5982877E-02  
141  2   3.4187331E-03   1.5000000E+02   2.4950000E+01  -9.3253848E+06  -9.9000000E+01  
142  1   6.9970537E-04  -2.3647816E-03   6.2522824E-02   3.4338497E-02   5.4810060E-02  
142  2   5.7087808E-03   1.5000000E+02   4.9900000E+01  -3.1524431E+05   9.9000000E+01  
143  1   6.9956588E-04  -1.6746639E-03   6.3678126E-03   1.6590677E-02   1.3299238E-02  
143  2   1.4998926E-02   3.0000000E+02  -4.9900000E+01   1.6244206E+07  -9.9000000E+01  
144  1   6.9959557E-04  -3.6045618E-03  -3.5227331E-03  -1.2776472E-02   2.8890513E-03  
144  2   6.7019090E-03  -3.0000000E+02   4.9900000E+01   1.2162356E+07   4.9500000E+01  
145  1   6.9968237E-04   7.6321262E-03  -7.0655474E-03  -4.4329131E-02  -1.0936551E-02  
145  2   6.0427667E-03   1.5000000E+02  -2.4950000E+01   8.1623371E+06   9.9000000E+01  
146  1   6.9963182E-04   1.4987526E-02  -3.1885913E-02  -1.8027777E-02  -1.3289283E-02  
146  2   6.8276995E-03   1.5000000E+02  -2.4950000E+01  -3.6921946E+06  -9.9000000E+01  
147  1   6.9964008E-04  -3.7275761E-03  -2.0667622E-02  -5.7996586E-03  -2.5249229E-02  
147  2   5.6503855E-03   1.5000000E+02  -4.9900000E+01  -1.0631885E+07   4.9500000E+01  
